created_time: 2009-08-29 15:02:00.210426
modified_time: 2009-08-29 21:52:59.184145
points: 4
pscore: 4
title: difficult
type: estimate
uuid: !!python/object:uuid.UUID
  int: 194238884256655928753821602839070306529
yaml_file_saved: 2009-08-29 21:54:50.231305
