created_time: 2009-08-29 15:01:48.167056
modified_time: 2009-08-29 21:52:59.184122
points: 2
pscore: 2
title: straightforward
type: estimate
uuid: !!python/object:uuid.UUID
  int: 207205260775652781422748338617572801073
yaml_file_saved: 2009-08-29 21:54:50.227721
