created_time: 2009-08-29 15:01:37.235916
modified_time: 2009-08-29 21:52:59.184189
points: 1
pscore: 1
title: trivial
type: estimate
uuid: !!python/object:uuid.UUID
  int: 69442089652494008692236859468511326791
yaml_file_saved: 2009-08-29 21:54:50.238427
