created_time: 2009-08-29 15:02:24.849444
modified_time: 2009-08-29 21:52:59.184167
points: 8
pscore: 8
title: maybe impossible
type: estimate
uuid: !!python/object:uuid.UUID
  int: 53593374283076976629647435265038831042
yaml_file_saved: 2009-08-29 21:54:50.234820
