created_time: 2009-04-13 22:51:44.737273
description: Nice-to-have stuff should go here.
html_file_saved: 2009-06-20 18:08:35.130487
modified_time: 2009-09-11 12:54:17.911237
pscore: 1
title: '2.0'
type: milestone
uuid: !!python/object:uuid.UUID
  int: 246357804921662755488325692659396046179
yaml_file_saved: 2009-09-11 12:54:28.018162
