created_time: 2009-06-29 22:20:12.279233
modified_time: 2009-08-23 17:28:21.787413
pscore: 1
title: started
type: status
uuid: !!python/object:uuid.UUID
  int: 336444450266496547059833010238290292739
yaml_file_saved: 2009-08-23 17:28:24.656263
