created_time: 2009-06-29 22:19:53.583573
modified_time: 2009-08-29 22:17:23.098708
pscore: 4
title: finished
type: status
uuid: !!python/object:uuid.UUID
  int: 181191650815078915740523248343325601886
yaml_file_saved: 2009-08-29 22:18:05.103875
