created_time: 2009-06-28 21:51:09.804694
modified_time: 2009-08-29 22:17:53.521135
pscore: 2
title: unstarted
type: status
uuid: !!python/object:uuid.UUID
  int: 327359014471868074244219043980996376403
yaml_file_saved: 2009-08-29 22:18:05.093062
