created_time: 2009-06-29 22:20:12.279233
modified_time: 2009-08-29 22:17:43.961894
pscore: 3
title: started
type: status
uuid: !!python/object:uuid.UUID
  int: 336444450266496547059833010238290292739
yaml_file_saved: 2009-08-29 22:18:05.109402
