created_time: 2009-06-29 22:19:53.601115
modified_time: 2009-08-29 22:18:01.840691
pscore: 1
title: abandoned
type: status
uuid: !!python/object:uuid.UUID
  int: 298405574766749661418099834004395263733
yaml_file_saved: 2009-08-29 22:18:05.098503
